40
10000 9989 9952 9696 9990 9988 9987 9989 9990 9837 9753 9952 9980 9991 9987 9981 9949 9992 9949 9986 9987 9989 9987 9952 9989 9893 9987 9991 9968 9986 9989 9989 9990 9714 9952 9990 9989 9989 9986 10000 
9989 10000 9977 9989 9980 9989 9991 9669 9698 9991 9989 9977 9989 9982 9991 9991 9991 9987 9989 9719 9991 9587 9987 9977 9832 9989 9991 9982 9987 9961 9588 9980 9845 9989 9977 9753 9726 9980 9947 10000 
9952 9977 10000 9952 9775 9807 9992 9977 9977 9745 9990 9822 9738 9986 9992 9951 9790 9851 9678 9987 9992 9987 9988 9634 9987 9870 9992 9991 9990 9990 9987 9637 9978 9783 9673 9977 9987 9647 9973 10000 
9696 9989 9952 10000 9987 9973 9987 9989 9990 9840 9673 9952 9957 9991 9987 9981 9949 9987 9949 9986 9987 9989 9987 9952 9989 9800 9987 9991 9968 9986 9989 9989 9990 9717 9952 9990 9989 9989 9986 10000 
9990 9980 9775 9987 10000 9893 9987 9989 9990 9952 9990 9988 9893 9983 9987 9992 9990 9721 9893 9980 9987 9980 9894 9896 9980 9893 9988 9983 9980 9992 9980 9748 9978 9981 9935 9990 9980 9750 9980 10000 
9988 9989 9807 9973 9893 10000 9985 9989 9989 9876 9986 9990 9654 9992 9985 9992 9912 9974 9759 9989 9985 9989 9988 9807 9980 9724 9988 9993 9990 9990 9989 9807 9985 9907 9850 9989 9989 9807 9991 10000 
9987 9991 9992 9987 9987 9985 10000 9991 9970 9992 9987 9967 9985 9991 9586 9991 9991 9987 9992 9991 9699 9991 9901 9967 9993 9987 9729 9991 9967 9989 9991 9987 9970 9987 9967 9970 9991 9987 9993 10000 
9989 9669 9977 9989 9989 9989 9991 10000 9698 9991 9989 9977 9989 9982 9991 9991 9991 9987 9989 9815 9991 9683 9987 9977 9928 9989 9991 9982 9987 9989 9684 9991 9845 9989 9977 9753 9822 9991 9989 10000 
9990 9698 9977 9990 9990 9989 9970 9698 10000 9974 9990 9977 9989 9982 9970 9989 9991 9990 9989 9844 9991 9712 9973 9977 9957 9989 9970 9982 9987 9989 9713 9990 9694 9990 9977 9623 9851 9990 9989 10000 
9837 9991 9745 9840 9952 9876 9992 9991 9974 10000 9897 9952 9789 9992 9992 9981 9949 9981 9758 9962 9992 9985 9987 9745 9970 9941 9987 9992 9968 9962 9985 9857 9924 9711 9745 9991 9989 9857 9962 10000 
9753 9989 9990 9673 9990 9986 9987 9989 9990 9897 10000 9979 9970 9991 9987 9981 9981 9987 9985 9986 9987 9989 9987 9987 9989 9813 9987 9991 9968 9986 9989 9987 9990 9774 9981 9990 9989 9987 9986 10000 
9952 9977 9822 9952 9988 9990 9967 9977 9977 9952 9979 10000 9933 9975 9967 9951 9873 9988 9873 9987 9967 9987 9988 9729 9987 9979 9992 9991 9691 9839 9987 9946 9977 9952 9684 9987 9987 9956 9977 10000 
9980 9989 9738 9957 9893 9654 9985 9989 9989 9789 9970 9933 10000 9992 9985 9991 9850 9974 9697 9989 9985 9989 9988 9738 9987 9708 9988 9993 9990 9990 9989 9756 9985 9820 9781 9989 9989 9765 9987 10000 
9991 9982 9986 9991 9983 9992 9991 9982 9982 9992 9991 9975 9992 10000 9991 9740 9749 9981 9877 9982 9991 9982 9981 9975 9991 9991 9981 9700 9992 9991 9982 9991 9989 9991 9975 9982 9982 9991 9991 10000 
9987 9991 9992 9987 9987 9985 9586 9991 9970 9992 9987 9967 9985 9991 10000 9991 9991 9987 9992 9991 9699 9991 9921 9967 9993 9987 9749 9991 9967 9989 9991 9987 9970 9987 9967 9970 9991 9987 9993 10000 
9981 9991 9951 9981 9992 9992 9991 9991 9989 9981 9981 9951 9991 9740 9991 10000 9694 9981 9822 9991 9991 9991 9981 9951 9991 9992 9981 9900 9992 9991 9991 9983 9989 9981 9951 9992 9991 9983 9991 10000 
9949 9991 9790 9949 9990 9912 9991 9991 9991 9949 9981 9873 9850 9749 9991 9694 10000 9981 9661 9987 9991 9988 9981 9790 9987 9982 9981 9909 9990 9990 9988 9868 9991 9949 9790 9991 9988 9877 9987 10000 
9992 9987 9851 9987 9721 9974 9987 9987 9990 9981 9987 9988 9974 9981 9987 9981 9981 10000 9974 9987 9987 9987 9748 9972 9992 9974 9885 9992 9992 9992 9987 9824 9990 9981 9988 9990 9987 9826 9992 10000 
9949 9989 9678 9949 9893 9759 9992 9989 9989 9758 9985 9873 9697 9877 9992 9822 9661 9974 10000 9989 9992 9989 9981 9678 9987 9829 9981 9989 9990 9990 9989 9756 9985 9789 9721 9989 9989 9765 9987 10000 
9986 9719 9987 9986 9980 9989 9991 9815 9844 9962 9986 9987 9989 9982 9991 9991 9987 9987 9989 10000 9991 9688 9987 9987 9676 9989 9991 9982 9987 9786 9687 9987 9989 9962 9987 9899 9690 9987 9772 10000 
9987 9991 9992 9987 9987 9985 9699 9991 9991 9992 9987 9967 9985 9991 9699 9991 9991 9987 9992 9991 10000 9991 9992 9967 9993 9987 9862 9991 9967 9989 9991 9987 9988 9987 9967 9991 9991 9987 9993 10000 
9989 9587 9987 9989 9980 9989 9991 9683 9712 9985 9989 9987 9989 9982 9991 9991 9988 9987 9989 9688 9991 10000 9987 9987 9801 9989 9991 9982 9987 9930 9557 9987 9859 9989 9987 9767 9695 9987 9916 10000 
9987 9987 9988 9987 9894 9988 9901 9987 9973 9987 9987 9988 9988 9981 9921 9981 9981 9748 9981 9987 9992 9987 10000 9988 9992 9988 9772 9992 9993 9990 9987 9988 9973 9987 9988 9973 9987 9988 9989 10000 
9952 9977 9634 9952 9896 9807 9967 9977 9977 9745 9987 9729 9738 9975 9967 9951 9790 9972 9678 9987 9967 9987 9988 10000 9987 9870 9992 9991 9900 9990 9987 9758 9978 9783 9580 9977 9987 9768 9973 10000 
9989 9832 9987 9989 9980 9980 9993 9928 9957 9970 9989 9987 9987 9991 9993 9991 9987 9992 9987 9676 9993 9801 9992 9987 10000 9989 9993 9991 9987 9805 9800 9987 9989 9989 9987 9989 9796 9987 9791 10000 
9893 9989 9870 9800 9893 9724 9987 9989 9989 9941 9813 9979 9708 9991 9987 9992 9982 9974 9829 9989 9987 9989 9988 9870 9989 10000 9987 9991 9980 9986 9989 9870 9985 9914 9913 9989 9989 9870 9986 10000 
9987 9991 9992 9987 9988 9988 9729 9991 9970 9987 9987 9992 9988 9981 9749 9981 9981 9885 9981 9991 9862 9991 9772 9992 9993 9987 10000 9991 9993 9990 9987 9992 9970 9987 9992 9970 9987 9992 9990 10000 
9991 9982 9991 9991 9983 9993 9991 9982 9982 9992 9991 9991 9993 9700 9991 9900 9909 9992 9989 9982 9991 9982 9992 9991 9991 9991 9991 10000 9992 9985 9982 9991 9989 9991 9991 9982 9982 9991 9985 10000 
9968 9987 9990 9968 9980 9990 9967 9987 9987 9968 9968 9691 9990 9992 9967 9992 9990 9992 9990 9987 9967 9987 9993 9900 9987 9980 9993 9992 10000 9859 9987 9990 9988 9968 9855 9987 9987 9990 9991 10000 
9986 9961 9990 9986 9992 9990 9989 9989 9989 9962 9986 9839 9990 9991 9989 9991 9990 9992 9990 9786 9989 9930 9990 9990 9805 9986 9990 9985 9859 10000 9929 9990 9989 9962 9990 9989 9925 9990 9709 10000 
9989 9588 9987 9989 9980 9989 9991 9684 9713 9985 9989 9987 9989 9982 9991 9991 9988 9987 9989 9687 9991 9557 9987 9987 9800 9989 9987 9982 9987 9929 10000 9987 9860 9989 9987 9768 9694 9987 9915 10000 
9989 9980 9637 9989 9748 9807 9987 9991 9990 9857 9987 9946 9756 9991 9987 9983 9868 9824 9756 9987 9987 9987 9988 9758 9987 9870 9992 9991 9990 9990 9987 10000 9978 9895 9797 9990 9987 9622 9973 10000 
9990 9845 9978 9990 9978 9985 9970 9845 9694 9924 9990 9977 9985 9989 9970 9989 9991 9990 9985 9989 9988 9859 9973 9978 9989 9985 9970 9989 9988 9989 9860 9978 10000 9968 9978 9715 9990 9978 9989 10000 
9714 9989 9783 9717 9981 9907 9987 9989 9990 9711 9774 9952 9820 9991 9987 9981 9949 9981 9789 9962 9987 9989 9987 9783 9989 9914 9987 9991 9968 9962 9989 9895 9968 10000 9783 9990 9989 9895 9962 10000 
9952 9977 9673 9952 9935 9850 9967 9977 9977 9745 9981 9684 9781 9975 9967 9951 9790 9988 9721 9987 9967 9987 9988 9580 9987 9913 9992 9991 9855 9990 9987 9797 9978 9783 10000 9977 9987 9807 9973 10000 
9990 9753 9977 9990 9990 9989 9970 9753 9623 9991 9990 9987 9989 9982 9970 9992 9991 9990 9989 9899 9991 9767 9973 9977 9989 9989 9970 9982 9987 9989 9768 9990 9715 9990 9977 10000 9906 9990 9989 10000 
9989 9726 9987 9989 9980 9989 9991 9822 9851 9989 9989 9987 9989 9982 9991 9991 9988 9987 9989 9690 9991 9695 9987 9987 9796 9989 9987 9982 9987 9925 9694 9987 9990 9989 9987 9906 10000 9987 9911 10000 
9989 9980 9647 9989 9750 9807 9987 9991 9990 9857 9987 9956 9765 9991 9987 9983 9877 9826 9765 9987 9987 9987 9988 9768 9987 9870 9992 9991 9990 9990 9987 9622 9978 9895 9807 9990 9987 10000 9973 10000 
9986 9947 9973 9986 9980 9991 9993 9989 9989 9962 9986 9977 9987 9991 9993 9991 9987 9992 9987 9772 9993 9916 9989 9973 9791 9986 9990 9985 9991 9709 9915 9973 9989 9962 9973 9989 9911 9973 10000 10000 
10000 10000 10000 10000 10000 10000 10000 10000 10000 10000 10000 10000 10000 10000 10000 10000 10000 10000 10000 10000 10000 10000 10000 10000 10000 10000 10000 10000 10000 10000 10000 10000 10000 10000 10000 10000 10000 10000 10000 10000 
